k =

     1

Elapsed time is 28.765397 seconds.

k =

     2

Elapsed time is 30.597430 seconds.

k =

     3

Elapsed time is 33.692614 seconds.

k =

     4

Elapsed time is 33.937943 seconds.

k =

     5

Elapsed time is 34.580180 seconds.

k =

     7

Elapsed time is 36.479291 seconds.

k =

    10

Elapsed time is 36.095470 seconds.

k =

    15

Elapsed time is 37.558576 seconds.

k =

    20

Elapsed time is 39.313538 seconds.
